object={
	name="lakes"
	clamp_to_water_level=yes
	render_under_water=no
	generated_content=no
	layer="lake_layer"
	pdxmesh="lake_mesh"
	count=47
	transform="2998.791504 -0.104248 2185.504883 -0.000000 -0.791972 -0.000000 0.610557 38.876869 38.876869 38.876869
7216.826660 -1.116944 3595.515137 -0.000000 0.836767 -0.000000 0.547559 47.044815 47.044815 47.044815
7038.252441 -1.073975 3787.800781 -0.000000 0.975658 -0.000000 -0.219295 107.178139 107.178139 107.178139
6915.193359 -1.073975 3681.846191 -0.000000 -0.319592 -0.000000 0.947555 148.087280 148.087280 148.087280
6892.992188 -2.136963 3542.162598 -0.000000 0.591528 -0.000000 0.806285 99.441666 99.441666 99.441666
6811.879883 2.297851 3484.884277 -0.000000 -0.933412 -0.000000 -0.358808 43.043137 43.043137 43.043137
6716.521973 2.383789 3423.586914 -0.000000 -0.933412 -0.000000 -0.358808 22.817297 22.817297 22.817297
6700.247559 1.447021 3380.864746 -0.000000 -0.810348 -0.000000 0.585950 15.507333 15.507333 15.507333
6645.769531 1.447021 3401.425293 -0.000000 -0.998476 -0.000000 -0.055195 32.570011 32.570011 32.570011
6617.156738 1.626220 3316.706787 -0.000000 -0.638850 0.000000 -0.769332 12.250639 12.250639 12.250639
6579.985352 1.626220 3260.014648 -0.000000 0.957286 -0.000000 0.289142 35.804142 35.804142 35.804142
3160.588135 -0.679688 2285.339355 -0.000000 0.798577 -0.000000 0.601893 77.245003 77.245003 77.245003
3061.025146 -0.197510 2161.756348 -0.000000 0.342416 -0.000000 0.939548 38.876869 38.876869 38.876869
2928.679932 0.000000 2112.250977 -0.000000 0.717751 -0.000000 0.696299 9.309943 9.309943 9.309943
2930.484131 3.428467 2179.190918 -0.000000 0.998688 -0.000000 -0.051221 24.876080 24.876080 24.876080
2946.872559 -2.952148 2138.309326 -0.000000 0.177070 -0.000000 0.984198 19.712212 19.712212 19.712212
1439.747314 0.000000 2820.523682 -0.000000 -0.213836 -0.000000 0.976870 33.842247 33.842247 33.842247
1683.011475 0.000000 2898.108154 -0.000000 0.225164 -0.000000 0.974321 8.040226 8.040226 8.040226
1612.882568 0.000000 2899.951660 -0.000000 0.225164 -0.000000 0.974321 8.040226 8.040226 8.040226
1498.659180 0.000000 2877.707031 -0.000000 0.225164 -0.000000 0.974321 38.527111 38.527111 38.527111
1392.588257 0.000000 2795.500000 -0.000000 -0.987510 -0.000000 0.157555 8.347675 8.347675 8.347675
1410.112671 0.000000 2798.866211 -0.000000 -0.962682 -0.000000 -0.270634 8.347675 8.347675 8.347675
1747.206909 2.254395 2900.764160 -0.000000 -0.592878 -0.000000 0.805292 7.644852 7.644852 7.644852
1323.530273 0.000000 2778.946045 -0.000000 -0.407173 -0.000000 0.913351 65.983879 65.983879 65.983879
5695.532227 1.883789 3890.408691 -0.000000 -0.919888 -0.000000 -0.392181 86.653282 86.653282 86.653282
5610.946777 0.935059 3983.351562 -0.000000 -0.964013 -0.000000 -0.265855 20.461449 20.461449 20.461449
3353.577637 3.849854 2478.384766 -0.000000 -0.968985 -0.000000 0.247121 7.058145 7.058145 7.058145
5488.834473 1.916993 3661.088623 -0.000000 -0.964013 -0.000000 -0.265855 19.255470 19.255470 19.255470
5609.525391 0.935059 3753.791992 -0.000000 -0.964013 -0.000000 -0.265855 13.725185 13.725185 13.725185
5687.272949 -0.837402 3669.635010 -0.000000 0.092519 -0.000000 0.995711 15.019581 15.019581 15.019581
5671.295410 -0.141113 3479.716553 -0.000000 0.092519 -0.000000 0.995711 43.852169 43.852169 43.852169
3893.711670 1.130371 2651.532715 -0.000000 0.092519 -0.000000 0.995711 34.662483 34.662483 34.662483
2287.846191 0.702393 2206.202148 -0.000000 -0.878052 -0.000000 0.478564 12.058838 12.058838 12.058838
2282.913086 0.000000 2324.118896 -0.000000 0.719046 -0.000000 0.694962 23.327410 23.327410 23.327410
2258.565430 0.000000 2338.368652 -0.000000 -0.703235 -0.000000 0.710957 29.122749 29.122749 29.122749
1640.457642 -1.042237 3927.871338 -0.000000 0.357145 -0.000000 -0.934047 50.710735 50.710735 50.710735
3506.744385 -0.822754 2350.067139 -0.000000 -0.287795 -0.000000 -0.957691 22.888979 22.888979 22.888979
3567.382812 1.124268 2362.529785 -0.000000 0.180590 -0.000000 -0.983557 13.588097 13.588097 13.588097
3854.982422 0.000000 2290.781738 -0.000000 0.948484 -0.000000 -0.316821 15.569143 15.569143 15.569143
3938.924805 0.000000 2551.674316 -0.000000 0.948484 -0.000000 -0.316821 21.428001 21.428001 21.428001
3995.063965 0.000000 2441.020508 -0.000000 0.948484 -0.000000 -0.316821 76.687721 76.687721 76.687721
3815.631836 0.000000 2476.191162 -0.000000 0.476375 -0.000000 -0.879241 76.687721 76.687721 76.687721
1668.628662 0.000000 2606.487305 -0.000000 -0.172202 -0.000000 0.985062 12.399179 12.399179 12.399179
1683.340088 0.000000 2386.670654 -0.000000 -0.025799 -0.000000 0.999667 12.399179 12.399179 12.399179
1776.820312 2.758545 2376.791992 -0.000000 0.047727 -0.000000 0.998860 12.399179 12.399179 12.399179
1668.222656 1.030762 2484.676270 -0.000000 0.384686 -0.000000 0.923047 10.347507 10.347507 10.347507
1661.285645 0.000000 2427.620850 -0.000000 0.047727 -0.000000 0.998860 12.399179 12.399179 12.399179
"}
object={
	name="lakes_variant_1"
	clamp_to_water_level=no
	render_under_water=no
	generated_content=no
	layer="lake_layer"
	pdxmesh="lake_mesh"
	count=155
	transform="9057.885742 -3.483398 5499.595703 0.000000 0.225700 0.000000 0.974197 21.598566 21.598566 21.598566
9119.995117 -0.580079 5548.134766 0.000000 0.463602 0.000000 0.886044 21.598566 21.598566 21.598566
9097.832031 -0.299316 5516.113770 0.000000 0.463602 0.000000 0.886044 21.598566 21.598566 21.598566
9127.271484 1.862792 5498.161621 0.000000 0.463602 0.000000 0.886044 21.598566 21.598566 21.598566
9211.746094 4.145996 5562.721680 0.000000 0.463602 0.000000 0.886044 21.598566 21.598566 21.598566
8310.735352 0.768066 5765.684082 0.000000 0.560081 0.000000 0.828439 12.535183 12.535183 12.535183
9753.868164 -1.080078 5659.894043 0.000000 0.209377 0.000000 0.977835 21.598566 21.598566 21.598566
9650.370117 1.312012 5562.204102 0.000000 0.995176 0.000000 0.098104 45.553970 45.553970 45.553970
9760.857422 2.671387 5496.457520 0.000000 0.647721 0.000000 0.761877 45.553970 45.553970 45.553970
10640.875000 -0.345703 4995.542969 0.000000 -0.719004 0.000000 0.695006 17.154423 17.154423 17.154423
10556.509766 1.903320 4932.349121 0.000000 0.000000 0.000000 1.000000 33.784267 33.784267 33.784267
10512.119141 -1.213379 5027.366699 0.000000 0.000000 0.000000 1.000000 33.784267 33.784267 33.784267
10489.588867 -1.213379 5114.316895 0.000000 0.000000 0.000000 1.000000 33.784267 33.784267 33.784267
10167.475586 3.196777 5301.966797 0.000000 0.000000 0.000000 1.000000 33.784267 33.784267 33.784267
10054.853516 3.196777 5303.141602 0.000000 0.000000 0.000000 1.000000 33.784267 33.784267 33.784267
10013.928711 3.393554 5332.146484 0.000000 0.000000 0.000000 1.000000 6.110164 6.110164 6.110164
12059.539062 -0.231933 5450.004395 0.000000 -0.644554 0.000000 0.764559 16.075035 16.075035 16.075035
12206.386719 -1.135254 5437.810547 0.000000 -0.644554 0.000000 0.764559 16.075035 16.075035 16.075035
12117.899414 1.948730 5324.872559 0.000000 -0.213791 0.000000 0.976879 16.075035 16.075035 16.075035
12138.535156 3.858886 5320.665039 0.000000 -0.433492 0.000000 0.901157 16.075035 16.075035 16.075035
12241.588867 6.112305 5452.908203 0.000000 -0.983901 0.000000 0.178717 44.371178 44.371178 44.371178
12136.775391 7.261231 5528.476562 0.000000 0.606371 0.000000 0.795182 17.562389 17.562389 17.562389
11805.060547 5.415039 5662.711426 0.000000 0.606371 0.000000 0.795182 32.374233 32.374233 32.374233
11746.069336 -0.985352 5760.477539 0.000000 0.000000 0.000000 1.000000 28.863535 28.863535 28.863535
11661.303711 5.415039 5764.049316 0.000000 0.000000 0.000000 1.000000 28.863535 28.863535 28.863535
11150.912109 2.968750 6066.524414 0.000000 0.952986 0.000000 0.303017 220.750412 220.750412 220.750412
11375.843750 3.073242 6057.696777 0.000000 0.821752 0.000000 0.569847 34.108418 34.108418 34.108418
11604.319336 -0.074707 6011.550293 0.000000 0.006470 0.000000 0.999979 48.547871 48.547871 48.547871
11663.210938 3.775879 6096.527832 0.000000 0.006470 0.000000 0.999979 48.547871 48.547871 48.547871
11510.315430 3.307617 6146.499512 0.000000 0.006470 0.000000 0.999979 48.547871 48.547871 48.547871
11411.827148 2.716797 6027.672852 0.000000 0.491273 0.000000 0.871006 34.108418 34.108418 34.108418
11467.385742 2.182617 5947.044922 0.000000 0.276384 0.000000 0.961048 12.629092 12.629092 12.629092
11387.387695 3.925293 5928.666992 0.000000 0.276384 0.000000 0.961048 12.629092 12.629092 12.629092
10909.240234 -0.788086 5829.391113 0.000000 -0.179563 0.000000 0.983747 8.858450 8.858450 8.858450
10909.710938 -0.716309 5851.447754 0.000000 -0.179563 0.000000 0.983747 8.858450 8.858450 8.858450
11212.359375 4.073730 5803.541504 0.000000 -0.089115 0.000000 0.996022 66.473633 66.473633 66.473633
12024.235352 -1.267090 6179.992188 0.000000 0.049784 0.000000 0.998760 21.747320 21.747320 21.747320
12119.129883 -1.267090 6209.079102 0.000000 0.049784 0.000000 0.998760 21.747320 21.747320 21.747320
12081.362305 -1.267090 6221.071289 0.000000 0.049784 0.000000 0.998760 21.747320 21.747320 21.747320
12075.557617 -2.153320 6178.153320 0.000000 0.049784 0.000000 0.998760 21.747320 21.747320 21.747320
12215.513672 -0.092285 6370.233398 0.000000 -0.672295 0.000000 0.740283 17.543131 17.543131 17.543131
12255.551758 -1.417481 6357.797852 0.000000 -0.620255 0.000000 0.784400 41.185425 41.185425 41.185425
12200.186523 1.974122 6233.327637 0.000000 0.049784 0.000000 0.998760 9.778359 9.778359 9.778359
11915.460938 2.012208 6310.304688 0.000000 0.049784 0.000000 0.998760 62.308895 62.308895 62.308895
11933.521484 4.355468 6225.039551 0.000000 0.049784 0.000000 0.998760 62.308895 62.308895 62.308895
11875.930664 -0.336426 6225.521973 0.000000 0.817204 0.000000 0.576349 8.962301 8.962301 8.962301
11821.537109 -5.385742 6276.610840 0.000000 0.788174 0.000000 0.615452 42.301895 42.301895 42.301895
11897.836914 1.956055 6157.212891 0.000000 0.049784 0.000000 0.998760 62.308895 62.308895 62.308895
11718.627930 5.286133 5457.102539 0.000000 0.140404 0.000000 0.990094 21.551809 21.551809 21.551809
11758.843750 1.143555 5491.687500 0.000000 0.193954 0.000000 0.981010 21.551809 21.551809 21.551809
12560.982422 2.776855 6495.893555 0.000000 -0.913069 0.000000 -0.407805 264.937256 264.937256 264.937256
12835.823242 3.337402 6635.895996 0.000000 -0.967723 0.000000 -0.252018 12.564767 12.564767 12.564767
12802.904297 3.337402 6611.946777 0.000000 -0.967723 0.000000 -0.252018 12.111118 12.111118 12.111118
12772.038086 2.306641 6461.209473 0.000000 -0.967723 0.000000 -0.252018 14.141146 14.141146 14.141146
12960.893555 3.141602 6291.006348 0.000000 -0.967723 0.000000 -0.252018 37.758888 37.758888 37.758888
13032.496094 2.765625 6211.728027 0.000000 -0.967723 0.000000 -0.252018 37.758888 37.758888 37.758888
13050.261719 2.765625 6138.739258 0.000000 -0.807590 0.000000 -0.589744 18.042511 18.042511 18.042511
13044.699219 3.789062 5989.728027 0.000000 -0.807590 0.000000 -0.589744 18.042511 18.042511 18.042511
12596.491211 -0.807129 5445.775879 0.000000 -0.807590 0.000000 -0.589744 18.042511 18.042511 18.042511
12636.034180 2.468750 5434.375488 0.000000 -0.140395 0.000000 -0.990095 7.946852 7.946852 7.946852
12597.467773 -0.872070 5447.722656 0.000000 -0.625119 0.000000 -0.780529 16.856709 16.856709 16.856709
12558.954102 -0.807129 5403.670410 0.000000 -0.807590 0.000000 -0.589744 18.042511 18.042511 18.042511
12636.558594 -0.807129 5434.086426 0.000000 -0.807590 0.000000 -0.589744 18.042511 18.042511 18.042511
12645.482422 1.154785 5701.467285 0.000000 -0.807590 0.000000 -0.589744 18.042511 18.042511 18.042511
12819.604492 1.516602 5675.340820 0.000000 -0.999656 0.000000 -0.026247 13.202466 13.202466 13.202466
12847.478516 0.070312 5689.047363 0.000000 -0.999656 0.000000 -0.026247 13.202466 13.202466 13.202466
13001.223633 2.427246 5846.292480 0.000000 -0.999656 0.000000 -0.026247 13.202466 13.202466 13.202466
12364.075195 8.541992 4727.137207 0.000000 -0.612372 0.000000 0.790570 13.517904 13.517904 13.517904
12374.702148 2.216796 4717.545898 0.000000 -0.634796 0.000000 0.772680 8.589987 8.589987 8.589987
12253.534180 4.010253 4787.919922 0.000000 -0.838757 0.000000 0.544507 10.618877 10.618877 10.618877
11274.789062 3.575195 5258.926270 0.000000 -0.954235 0.000000 0.299059 16.048603 16.048603 16.048603
11284.324219 0.330566 5242.969727 0.000000 -0.999656 0.000000 -0.026247 13.202466 13.202466 13.202466
11300.477539 5.160156 5257.083496 0.000000 -0.999656 0.000000 -0.026247 13.202466 13.202466 13.202466
11322.621094 -0.464355 5242.605957 0.000000 -0.999656 0.000000 -0.026247 13.202466 13.202466 13.202466
11408.338867 6.721680 5276.029785 0.000000 -0.999656 0.000000 -0.026247 13.202466 13.202466 13.202466
11383.865234 4.869629 5302.854004 0.000000 -0.999656 0.000000 -0.026247 13.202466 13.202466 13.202466
11407.029297 7.429199 5328.989746 0.000000 -0.999656 0.000000 -0.026247 6.866529 6.866529 6.866529
11382.314453 3.867187 5335.499512 0.000000 -0.999656 0.000000 -0.026247 13.202466 13.202466 13.202466
11358.339844 -0.691407 5307.354980 0.000000 -0.999656 0.000000 -0.026247 13.202466 13.202466 13.202466
11329.205078 6.211425 5344.484863 0.000000 -0.999656 0.000000 -0.026247 13.202466 13.202466 13.202466
11396.331055 -0.659180 5074.236816 0.000000 -0.999656 0.000000 -0.026247 13.202466 13.202466 13.202466
11588.638672 -0.169434 5031.258301 0.000000 0.329637 0.000000 0.944108 23.378292 23.378292 23.378292
11562.798828 -1.312500 5040.875977 0.000000 0.329637 0.000000 0.944108 23.378292 23.378292 23.378292
11504.696289 -1.312500 5073.484375 0.000000 0.329637 0.000000 0.944108 23.378292 23.378292 23.378292
11479.860352 -1.158203 5118.405762 0.000000 0.329637 0.000000 0.944108 23.378292 23.378292 23.378292
11550.596680 -0.344238 5166.719238 0.000000 0.616980 0.000000 0.786979 23.378292 23.378292 23.378292
11520.554688 -0.061035 5112.037598 0.000000 0.616980 0.000000 0.786979 23.378292 23.378292 23.378292
11558.638672 -0.095703 5107.894531 0.000000 0.068897 0.000000 0.997624 12.214245 12.214245 12.214245
11587.520508 6.130371 5090.153320 0.000000 0.068897 0.000000 0.997624 23.378292 23.378292 23.378292
11626.029297 -0.047851 5048.058105 0.000000 -0.618448 0.000000 0.785826 23.378292 23.378292 23.378292
11633.031250 -1.125488 5097.817871 0.000000 -0.618448 0.000000 0.785826 23.378292 23.378292 23.378292
11664.995117 -0.354004 5093.934570 0.000000 0.035863 0.000000 0.999357 23.378292 23.378292 23.378292
11714.627930 4.611328 5101.853516 0.000000 0.035863 0.000000 0.999357 23.378292 23.378292 23.378292
11693.223633 -0.981934 5137.917969 0.000000 0.035863 0.000000 0.999357 23.378292 23.378292 23.378292
11756.281250 5.681641 5139.831543 0.000000 0.224400 0.000000 -0.974497 37.577637 37.577637 37.577637
11818.668945 6.610840 5081.054199 0.000000 0.224400 0.000000 -0.974497 26.551712 26.551712 26.551712
11777.594727 0.812012 5089.880859 0.000000 -0.074141 0.000000 -0.997248 13.202466 13.202466 13.202466
11817.647461 6.044922 5106.737793 0.000000 -0.760766 0.000000 -0.649026 13.202466 13.202466 13.202466
11843.049805 3.981445 5106.337402 0.000000 -0.760766 0.000000 -0.649026 13.202466 13.202466 13.202466
11832.664062 -0.820801 5125.679199 0.000000 -0.760766 0.000000 -0.649026 13.202466 13.202466 13.202466
11843.421875 -1.226074 5135.930176 0.000000 -0.760766 0.000000 -0.649026 13.202466 13.202466 13.202466
11855.166992 -0.864746 5154.905273 0.000000 -0.760766 0.000000 -0.649026 13.202466 13.202466 13.202466
11827.908203 0.820801 5158.458008 0.000000 -0.760766 0.000000 -0.649026 13.202466 13.202466 13.202466
11789.394531 3.027832 5177.585449 0.000000 -0.760766 0.000000 -0.649026 13.202466 13.202466 13.202466
11782.034180 -0.817871 5235.135254 0.000000 -0.760766 0.000000 -0.649026 13.202466 13.202466 13.202466
11792.459961 -0.817871 5235.898926 0.000000 -0.760766 0.000000 -0.649026 13.202466 13.202466 13.202466
11803.494141 -0.817871 5240.471680 0.000000 -0.760766 0.000000 -0.649026 13.202466 13.202466 13.202466
11917.272461 0.007813 5378.157227 0.000000 -0.304524 0.000000 -0.952505 13.202466 13.202466 13.202466
11887.240234 0.123535 5341.768555 0.000000 -0.022206 -0.000000 -0.999754 13.202466 13.202466 13.202466
11877.092773 6.948730 5365.637207 0.000000 -0.022206 -0.000000 -0.999754 13.202466 13.202466 13.202466
11812.876953 -0.192871 5320.158203 0.000000 -0.022206 -0.000000 -0.999754 13.202466 13.202466 13.202466
11804.031250 -0.075195 5347.838379 0.000000 -0.022206 -0.000000 -0.999754 13.202466 13.202466 13.202466
11840.573242 2.155762 5365.574707 0.000000 -0.998499 0.000000 0.054777 13.202466 13.202466 13.202466
11799.329102 5.972657 5376.707031 0.000000 -0.947121 0.000000 0.320877 13.202466 13.202466 13.202466
11746.100586 7.318848 5304.923340 0.000000 -0.947121 0.000000 0.320877 13.202466 13.202466 13.202466
11755.604492 4.811035 5350.917969 0.000000 -0.947121 0.000000 0.320877 13.202466 13.202466 13.202466
11761.032227 5.884766 5416.158203 0.000000 -0.947121 0.000000 0.320877 13.202466 13.202466 13.202466
11919.333984 -3.452148 5376.908203 0.000000 -0.947121 0.000000 0.320877 13.202466 13.202466 13.202466
11969.356445 2.175781 5486.359863 0.000000 0.682175 0.000000 0.731189 10.449316 10.449316 10.449316
12028.316406 -0.938965 5440.112793 0.000000 0.682175 0.000000 0.731189 10.449316 10.449316 10.449316
12024.462891 3.397460 5454.852539 0.000000 0.194792 0.000000 0.980845 10.449316 10.449316 10.449316
11586.902344 -0.131836 4968.666504 0.000000 0.663574 0.000000 0.748111 10.449316 10.449316 10.449316
11808.416016 7.556152 4950.094238 0.000000 0.011719 0.000000 0.999932 9.175577 9.175577 9.175577
11821.732422 2.133301 4972.664551 0.000000 -0.992649 0.000000 0.121035 23.601845 23.601845 23.601845
9048.290039 2.964843 2737.554932 0.000000 0.839818 0.000000 0.542868 36.578175 36.578175 36.578175
8902.707031 -1.288818 2889.109375 0.000000 0.970376 0.000000 0.241600 36.578175 36.578175 36.578175
8994.051758 2.041016 2859.740967 0.000000 0.970376 0.000000 0.241600 74.930832 74.930832 74.930832
9210.472656 2.176270 3336.769775 0.000000 0.092276 0.000000 0.995733 65.399323 65.399323 65.399323
9186.698242 1.593750 3432.586670 0.000000 -0.984910 0.000000 0.173070 31.609709 31.609709 31.609709
9195.944336 1.816406 3272.550537 0.000000 -0.597403 0.000000 0.801941 95.495918 95.495918 95.495918
9282.168945 -0.497803 3151.642090 0.000000 -0.092154 0.000000 0.995745 26.751833 26.751833 26.751833
9322.417969 -0.497803 3159.317871 0.000000 0.484132 0.000000 0.874995 26.751833 26.751833 26.751833
9329.666016 -0.497803 3230.544678 0.000000 0.866352 0.000000 0.499433 26.751833 26.751833 26.751833
9284.090820 -0.615967 3012.827393 0.000000 0.583215 0.000000 0.812318 42.143635 42.143635 42.143635
9315.992188 2.328614 2507.935547 0.000000 0.583215 0.000000 0.812318 42.143635 42.143635 42.143635
9282.064453 3.917969 2574.160156 0.000000 0.583215 0.000000 0.812318 42.143635 42.143635 42.143635
9250.657227 -2.063721 2718.830811 0.000000 0.583215 0.000000 0.812318 125.141609 125.141609 125.141609
9054.040039 -3.973877 3085.891602 0.000000 0.702084 0.000000 0.712094 256.662201 256.662201 256.662201
9016.158203 3.800293 3230.638428 0.000000 -0.745754 0.000000 -0.666221 26.369154 26.369154 26.369154
9040.265625 4.354980 3332.359131 0.000000 0.870828 0.000000 0.491587 48.687172 48.687172 48.687172
9343.474609 -1.245362 3537.363281 0.000000 0.640250 0.000000 0.768166 64.690582 64.690582 64.690582
9100.510742 2.879394 3439.623047 0.000000 0.870828 0.000000 0.491587 48.687172 48.687172 48.687172
9393.329102 1.835938 4015.618408 0.000000 0.798577 0.000000 0.601893 30.171667 30.171667 30.171667
8643.980469 -2.428223 5696.358398 0.000000 0.237337 0.000000 0.971428 19.757498 19.757498 19.757498
7987.287598 3.106934 6047.572754 0.000000 -0.101752 0.000000 0.994810 19.757498 19.757498 19.757498
8006.881348 2.180176 6077.590332 0.000000 -0.365364 0.000000 0.930865 10.851866 10.851866 10.851866
8455.747070 0.111816 6135.936523 0.000000 0.750499 0.000000 0.660872 10.851866 10.851866 10.851866
8126.004883 3.064941 6123.959473 0.000000 0.299355 0.000000 0.954142 10.851866 10.851866 10.851866
4504.292969 0.787598 2507.435303 0.000000 -0.998826 0.000000 -0.048447 6.077826 6.077826 6.077826
4536.616211 21.464844 2460.993896 0.000000 -0.917886 0.000000 0.396845 46.144157 46.144157 46.144157
4642.190430 3.149170 2311.762695 0.000000 -0.812534 0.000000 0.582914 40.770180 40.770180 40.770180
2573.283203 2.199219 5713.822266 0.000000 -0.859973 0.000000 0.510339 51.760811 51.760811 51.760811
3002.995850 3.093750 4471.023926 0.000000 -0.997140 0.000000 0.075576 18.704544 18.704544 18.704544
3088.913086 -0.036621 4458.428223 0.000000 -0.740717 0.000000 0.671817 23.363569 23.363569 23.363569
3184.698975 2.537109 4435.563965 0.000000 -0.740717 0.000000 0.671817 26.586981 26.586981 26.586981
"}
